sin = x - x^3/6 + x^5/120-x^7/5040+x^9/362880+x^11/39916800;
cos = 1 - x^2/2 + x^4/24 - x^6/720 + x^8/40320 - x^10/3628800
foo = 1234;
e = 2.7182818284
pi = 3.141592;