sin = x - x^3/6 + x^5/120;
foo = 1234;
e = 2.7182818284
pi = 3.141592;